  -8.3446503e-08  -2.3841858e-08   9.5367432e-09   0.0000000e+00
  -8.3446503e-08  -2.3841858e-08   9.5367432e-09   0.0000000e+00
  -8.3446503e-08  -2.3841858e-08   9.5367432e-09   0.0000000e+00
  -8.3446503e-08   3.9999998e-02   9.5367432e-09   4.2552067e-02
   1.9999897e-02   6.0000038e-02  -5.9999933e-02   8.5104246e-02
  -8.3446503e-08   6.0000038e-02  -9.9999895e-02   1.0253277e-01
  -8.3446503e-08   5.9999979e-02  -7.9999914e-02   8.3027138e-02
  -8.3446503e-08   3.9999998e-02  -7.9999914e-02   8.3027138e-02
   1.9999897e-02   3.9999998e-02  -5.9999933e-02   8.5104140e-02
   4.0000117e-02   2.0000017e-02  -7.9999914e-02   1.0506617e-01
   4.0000117e-02   3.9999998e-02  -7.9999914e-02   1.2765640e-01
   4.0000117e-02   2.0000017e-02  -3.9999952e-02   6.4636856e-02
   4.0000117e-02   2.0000017e-02  -1.9999971e-02   6.4636806e-02
   4.0000117e-02   2.0000017e-02  -3.9999952e-02   6.4636856e-02
   4.0000117e-02   5.9999979e-02  -5.9999933e-02   1.0772797e-01
   4.0000117e-02   5.9999979e-02  -3.9999952e-02   1.0772778e-01
   4.0000117e-02   3.9999998e-02  -5.9999933e-02   1.0772779e-01
   4.0000117e-02   2.0000017e-02  -1.9999971e-02   6.4636806e-02
   4.0000117e-02  -2.3841858e-08   9.5367432e-09   4.2552256e-02
   4.0000117e-02   2.0000017e-02   9.5367432e-09   4.2552272e-02
   6.0000157e-02   5.9999979e-02  -5.9999933e-02   1.3094505e-01
   6.0000157e-02   3.9999998e-02  -5.9999933e-02   1.0772802e-01
   6.0000157e-02   3.9999998e-02  -3.9999952e-02   1.0772796e-01
   6.0000157e-02   1.9999957e-02  -3.9999952e-02   8.5104433e-02
   6.0000157e-02   1.9999957e-02  -3.9999952e-02   8.5104433e-02
   6.0000157e-02  -2.0000005e-02  -3.9999952e-02   4.1513811e-02
   6.0000157e-02   6.0000038e-02  -5.9999933e-02   1.3094505e-01
   8.0000138e-02  -2.3841858e-08  -1.9999971e-02   8.3027424e-02
   8.0000138e-02  -2.3841858e-08  -1.9999971e-02   8.3027424e-02
   8.0000138e-02   1.9999957e-02  -1.9999971e-02   1.0506632e-01
   6.0000157e-02   1.9999957e-02   9.5367432e-09   6.3039890e-02
   8.0000138e-02  -2.3841858e-08  -1.9999971e-02   8.3027424e-02
   8.0000138e-02   2.0000017e-02  -3.9999952e-02   1.0506639e-01
   8.0000138e-02   1.9999957e-02  -1.9999971e-02   1.0506632e-01
   8.0000138e-02   2.0000017e-02  -1.9999971e-02   1.0506634e-01
   6.0000157e-02  -2.3841858e-08   9.5367432e-09   6.3039875e-02
   8.0000138e-02   3.5762787e-08   1.9999990e-02   6.1519923e-02
   8.0000138e-02   3.5762787e-08  -1.9999971e-02   8.3027489e-02
   8.0000138e-02  -2.0000005e-02  -1.9999971e-02   6.1519908e-02
   8.0000138e-02   3.5762787e-08  -1.9999971e-02   8.3027489e-02
   8.0000138e-02   3.5762787e-08   9.5367432e-09   8.3027439e-02
   1.0000012e-01  -2.0000005e-02  -1.9999971e-02   8.1049380e-02
   1.0000012e-01   2.0000017e-02  -3.9999952e-02   1.2454110e-01
   1.0000012e-01   2.0000017e-02   9.5367432e-09   1.0253307e-01
   1.0000012e-01   2.0000017e-02   9.5367432e-09   1.0253307e-01
   8.0000138e-02  -2.0000005e-02   9.5367432e-09   6.1519908e-02
   8.0000138e-02  -1.9999945e-02   9.5367432e-09   6.1519971e-02
   1.0000012e-01  -2.0000005e-02  -1.9999971e-02   8.1049380e-02
   1.0000012e-01  -2.0000005e-02  -1.9999971e-02   8.1049380e-02
   1.0000012e-01   3.5762787e-08  -1.9999971e-02   1.0253311e-01
   8.0000138e-02   3.5762787e-08  -1.9999971e-02   8.3027489e-02
   8.0000138e-02  -1.9999945e-02   9.5367432e-09   6.1519971e-02
   1.0000012e-01   3.5762787e-08   9.5367432e-09   1.0253307e-01
   1.0000012e-01   3.5762787e-08  -1.9999971e-02   1.0253311e-01
   1.0000012e-01  -2.0000005e-02   1.9999990e-02   8.1049380e-02
   1.0000012e-01  -2.0000005e-02  -1.9999971e-02   8.1049380e-02
   1.0000012e-01   3.5762787e-08  -1.9999971e-02   1.0253311e-01
   1.0000012e-01  -5.9999967e-02   1.9999990e-02   3.9581791e-02
   1.0000012e-01  -2.0000005e-02   9.5367432e-09   8.1049380e-02
   1.0000012e-01   3.5762787e-08   9.5367432e-09   1.0253307e-01
   1.0000012e-01  -2.0000005e-02  -1.9999971e-02   8.1049380e-02
   1.0000012e-01  -3.9999986e-02   1.9999990e-02   6.0071512e-02
   1.0000012e-01  -1.9999945e-02  -1.9999971e-02   8.1049443e-02
   1.0000012e-01  -3.9999986e-02   9.5367432e-09   6.0071512e-02
   1.0000012e-01   3.5762787e-08  -3.9999952e-02   1.0253311e-01
   8.0000138e-02  -1.9999945e-02   9.5367432e-09   6.1519971e-02
   1.2000010e-01  -2.0000005e-02  -1.9999971e-02   1.0011906e-01
   1.0000012e-01   3.5762787e-08  -1.9999971e-02   1.0253311e-01
   8.0000138e-02   3.5762787e-08  -1.9999971e-02   8.3027489e-02
   8.0000138e-02  -3.9999986e-02  -1.9999971e-02   4.0524787e-02
   1.0000012e-01  -1.9999945e-02  -1.9999971e-02   8.1049443e-02
   1.0000012e-01  -2.0000005e-02  -3.9999952e-02   8.1049380e-02
   1.0000012e-01  -2.3841858e-08  -1.9999971e-02   1.0253305e-01
   1.2000010e-01  -2.3841858e-08   9.5367432e-09   1.2157397e-01
   1.2000010e-01  -1.9999945e-02   9.5367432e-09   1.0011912e-01
   1.2000010e-01  -1.9999945e-02   9.5367432e-09   1.0011912e-01
   1.2000010e-01  -3.9999986e-02   2.0000229e-02   7.9163393e-02
   1.0000012e-01  -3.9999986e-02   9.5367432e-09   6.0071512e-02
   1.0000012e-01  -3.9999986e-02   9.5367432e-09   6.0071512e-02
   1.0000012e-01   3.5762787e-08   9.5367432e-09   1.0253307e-01
   1.0000012e-01  -3.9999986e-02   9.5367432e-09   6.0071512e-02
   1.0000012e-01   3.5762787e-08  -1.9999971e-02   1.0253311e-01
   1.0000012e-01  -3.9999986e-02   9.5367432e-09   6.0071512e-02
   1.0000012e-01  -2.0000005e-02   9.5367432e-09   8.1049380e-02
   1.0000012e-01  -5.9999967e-02   9.5367432e-09   3.9581791e-02
   1.0000012e-01  -3.9999986e-02  -1.9999971e-02   6.0071512e-02
   1.0000012e-01   2.0000017e-02  -1.9999971e-02   1.2454105e-01
   1.0000012e-01  -2.3841858e-08  -2.0000210e-02   1.0253305e-01
   1.0000012e-01  -3.9999986e-02  -2.0000210e-02   6.0071512e-02
   1.0000012e-01  -3.9999986e-02  -2.0000210e-02   6.0071512e-02
   1.0000012e-01  -2.0000005e-02  -2.0000210e-02   8.1049380e-02
   1.0000012e-01  -2.0000005e-02  -6.0000172e-02   8.1049380e-02
   1.0000012e-01  -2.0000005e-02  -4.0000191e-02   8.1049380e-02
   1.0000012e-01  -2.0000005e-02  -4.0000191e-02   8.1049380e-02
   1.2000010e-01  -3.9999986e-02  -2.0000210e-02   7.9163393e-02
   1.0000012e-01  -2.3841858e-08  -4.0000191e-02   1.0253305e-01
   1.0000012e-01  -2.0000005e-02  -2.0000210e-02   8.1049380e-02
   1.0000012e-01  -2.0000005e-02   2.0000229e-02   8.1049142e-02
   1.0000012e-01  -2.3841858e-08  -4.0000191e-02   1.0253305e-01
   1.0000012e-01  -2.0000005e-02  -4.0000191e-02   8.1049380e-02
   1.2000010e-01  -2.3841858e-08  -2.0000210e-02   1.2157397e-01
   1.2000010e-01  -2.0000005e-02   9.5367432e-09   1.0011906e-01
   1.2000010e-01  -2.0000005e-02   9.5367432e-09   1.0011906e-01
   1.0000012e-01  -3.9999986e-02  -2.0000210e-02   6.0071512e-02
   1.2000010e-01  -5.9999967e-02   2.0000229e-02   5.8689748e-02
   1.2000010e-01  -5.9999967e-02   9.5367432e-09   5.8689748e-02
   1.2000010e-01  -2.0000005e-02  -2.0000210e-02   1.0011906e-01
   1.2000010e-01  -5.9999967e-02   9.5367432e-09   5.8689748e-02
   1.2000010e-01  -2.0000005e-02   9.5367432e-09   1.0011906e-01
   1.2000010e-01  -2.0000005e-02  -1.9999971e-02   1.0011906e-01
   1.2000010e-01  -3.9999986e-02   1.9999990e-02   7.9163393e-02
   1.0000006e-01  -3.9999986e-02   9.5367432e-09   6.0071454e-02
   1.2000010e-01  -3.9999986e-02   9.5367432e-09   7.9163393e-02
   1.0000006e-01  -2.0000005e-02   9.5367432e-09   8.1049323e-02
   1.2000010e-01  -3.9999986e-02   9.5367432e-09   7.9163393e-02
   1.0000006e-01  -2.0000005e-02  -1.9999971e-02   8.1049323e-02
   1.0000006e-01  -3.9999986e-02  -1.9999971e-02   6.0071454e-02
   1.2000010e-01  -3.9999986e-02  -1.9999971e-02   7.9163393e-02
   1.0000006e-01  -2.0000005e-02   9.5367432e-09   8.1049323e-02
   1.0000006e-01  -3.9999986e-02  -4.0000191e-02   6.0071454e-02
   1.0000006e-01  -2.0000005e-02  -2.0000210e-02   8.1049323e-02
   1.0000006e-01  -2.0000005e-02  -4.0000191e-02   8.1049323e-02
   1.0000006e-01  -2.0000005e-02   9.5367432e-09   8.1049323e-02
   1.0000006e-01  -2.0000005e-02  -4.0000191e-02   8.1049323e-02
   1.0000006e-01  -3.9999986e-02  -3.9999952e-02   6.0071454e-02
   1.0000006e-01   2.0000017e-02  -1.9999971e-02   1.2454100e-01
   1.0000006e-01  -2.3841858e-08  -4.0000191e-02   1.0253299e-01
   1.0000006e-01  -2.0000005e-02  -1.9999971e-02   8.1049323e-02
   1.0000006e-01  -2.0000005e-02  -3.9999952e-02   8.1049323e-02
   1.2000004e-01  -3.9999986e-02   9.5367432e-09   7.9163337e-02
   1.0000006e-01  -2.0000005e-02   9.5367432e-09   8.1049323e-02
   1.0000006e-01  -2.0000005e-02  -3.9999952e-02   8.1049323e-02
   1.0000006e-01  -2.0000005e-02  -1.9999971e-02   8.1049323e-02
   1.0000006e-01  -2.3841858e-08  -1.9999971e-02   1.0253299e-01
   1.0000006e-01  -2.0000005e-02   9.5367432e-09   8.1049323e-02
   1.0000006e-01  -2.0000005e-02  -1.9999971e-02   8.1049323e-02
   1.0000006e-01  -2.0000005e-02  -1.9999971e-02   8.1049323e-02
   1.0000006e-01  -2.0000005e-02   9.5367432e-09   8.1049323e-02
   1.0000006e-01  -4.0000045e-02   9.5367432e-09   6.0071393e-02
   1.2000004e-01  -2.0000005e-02  -1.9999971e-02   1.0011900e-01
   1.0000006e-01  -3.9999986e-02  -1.9999971e-02   6.0071454e-02
   1.2000004e-01  -2.0000005e-02  -1.9999971e-02   1.0011900e-01
   1.2000004e-01   3.5762787e-08  -3.9999952e-02   1.2157398e-01
   1.2000004e-01   3.5762787e-08  -1.9999971e-02   1.2157398e-01
   1.2000004e-01  -3.9999986e-02  -1.9999971e-02   7.9163337e-02
   1.2000004e-01  -4.0000045e-02   9.5367432e-09   7.9163275e-02
   1.2000004e-01  -2.0000005e-02  -1.9999971e-02   1.0011900e-01
   1.2000004e-01  -4.0000045e-02   1.9999990e-02   7.9163275e-02
   1.2000004e-01  -4.0000045e-02   1.9999990e-02   7.9163275e-02
   1.2000004e-01  -2.0000005e-02   1.9999990e-02   1.0011900e-01
   1.2000004e-01  -2.0000005e-02   9.5367432e-09   1.0011900e-01
   1.2000004e-01  -2.0000005e-02   1.9999990e-02   1.0011900e-01
   1.0000006e-01  -2.0000005e-02   3.9999971e-02   6.0071469e-02
   1.0000006e-01  -6.0000026e-02   1.9999990e-02   3.9581673e-02
   1.0000006e-01  -2.0000005e-02   1.9999990e-02   8.1049323e-02
   1.0000006e-01  -2.0000005e-02  -1.9999971e-02   8.1049323e-02
   1.0000006e-01  -4.0000045e-02   9.5367432e-09   6.0071393e-02
   1.0000006e-01  -3.9999986e-02   9.5367432e-09   6.0071454e-02
   1.0000006e-01  -2.0000005e-02  -1.9999971e-02   8.1049323e-02
   1.0000006e-01  -2.0000005e-02  -1.9999971e-02   8.1049323e-02
   1.0000006e-01  -2.3841858e-08  -1.9999971e-02   1.0253299e-01
   1.0000006e-01  -2.0000005e-02  -1.9999971e-02   8.1049323e-02
   1.0000006e-01  -2.3841858e-08   9.5367432e-09   1.0253299e-01
   1.0000006e-01  -3.9999986e-02   9.5367432e-09   6.0071454e-02
   1.0000006e-01  -3.9999986e-02  -1.9999971e-02   6.0071454e-02
   1.0000006e-01  -3.9999986e-02  -1.9999971e-02   6.0071454e-02
   1.0000006e-01  -2.3841858e-08  -1.9999971e-02   1.0253299e-01
   1.0000006e-01  -2.0000005e-02  -1.9999971e-02   8.1049323e-02
   1.0000006e-01  -2.3841858e-08  -1.9999971e-02   1.0253299e-01
   1.0000006e-01  -3.9999986e-02  -1.9999971e-02   6.0071454e-02
   1.0000006e-01  -2.3841858e-08  -1.9999971e-02   1.0253299e-01
   1.0000006e-01  -2.3841858e-08  -1.9999971e-02   1.0253299e-01
   1.0000006e-01  -2.3841858e-08  -1.9999971e-02   1.0253299e-01
   1.0000006e-01  -3.9999986e-02   9.5367432e-09   6.0071454e-02
   1.0000006e-01  -3.9999986e-02  -1.9999971e-02   6.0071454e-02
   1.0000006e-01  -2.0000005e-02  -1.9999971e-02   8.1049323e-02
   1.0000006e-01  -2.3841858e-08   9.5367432e-09   1.0253299e-01
   1.0000006e-01  -2.0000005e-02  -1.9999971e-02   8.1049323e-02
   1.0000006e-01  -2.3841858e-08  -1.9999971e-02   1.0253299e-01
   1.0000006e-01  -2.3841858e-08  -1.9999971e-02   1.0253299e-01
   1.0000006e-01  -2.0000005e-02   9.5367432e-09   8.1049323e-02
   1.0000006e-01  -3.9999986e-02   9.5367432e-09   6.0071454e-02
   1.0000006e-01  -3.9999986e-02   9.5367432e-09   6.0071454e-02
   1.0000006e-01  -2.3841858e-08   1.9999990e-02   8.1049338e-02
   1.2000004e-01  -2.3841858e-08   9.5367432e-09   1.2157392e-01
   1.0000006e-01  -2.0000005e-02   1.9999990e-02   8.1049323e-02
   1.0000006e-01  -3.9999986e-02   1.9999990e-02   6.0071454e-02
   1.2000004e-01  -3.9999986e-02   9.5367432e-09   7.9163337e-02
   1.0000006e-01  -3.9999986e-02   9.5367432e-09   6.0071454e-02
   1.0000006e-01  -2.3841858e-08   1.9999990e-02   8.1049338e-02
   1.0000006e-01  -2.3841858e-08   9.5367432e-09   1.0253299e-01
   1.0000006e-01  -2.3841858e-08   9.5367432e-09   1.0253299e-01
   1.0000006e-01  -2.3841858e-08   1.9999990e-02   8.1049338e-02
   1.2000004e-01  -2.0000005e-02   1.9999990e-02   1.0011900e-01
   1.0000006e-01  -2.0000005e-02   1.9999990e-02   8.1049323e-02
   8.0000079e-02  -2.0000005e-02   1.9999990e-02   6.1519849e-02
   8.0000079e-02  -2.0000005e-02   9.5367432e-09   6.1519849e-02
   1.2000004e-01  -2.0000005e-02   1.9999990e-02   1.0011900e-01
   1.2000004e-01  -2.3841858e-08   9.5367432e-09   1.2157392e-01
   1.2000004e-01  -3.9999986e-02   1.9999990e-02   7.9163337e-02
   1.0000006e-01  -2.0000005e-02   9.5367432e-09   8.1049323e-02
   1.0000006e-01  -3.9999986e-02   1.9999990e-02   6.0071454e-02
   1.0000006e-01  -2.3841858e-08   9.5367432e-09   1.0253299e-01
   1.2000004e-01  -2.3841858e-08   1.9999990e-02   1.0011902e-01
   1.0000006e-01  -2.0000005e-02   1.9999990e-02   8.1049323e-02
   1.0000006e-01  -2.0000005e-02   1.9999990e-02   8.1049323e-02
   1.0000006e-01  -2.0000005e-02   3.9999971e-02   6.0071469e-02
   1.0000006e-01  -3.9999986e-02   1.9999990e-02   6.0071454e-02
   8.0000079e-02  -2.0000005e-02   9.5367432e-09   6.1519849e-02
   8.0000079e-02  -2.0000005e-02   9.5367432e-09   6.1519849e-02
   8.0000079e-02   2.0000017e-02   9.5367432e-09   8.3027381e-02
   8.0000079e-02  -2.3841858e-08  -1.9999971e-02   8.3027365e-02
   1.0000006e-01  -2.3841858e-08   9.5367432e-09   1.0253299e-01
   8.0000079e-02   2.0000017e-02   1.9999990e-02   6.1519864e-02
   8.0000079e-02  -2.3841858e-08   1.9999990e-02   6.1519864e-02
   1.0000006e-01  -2.3841858e-08   9.5367432e-09   1.0253299e-01
   1.0000006e-01   2.0000017e-02   9.5367432e-09   1.0253301e-01
   1.0000006e-01  -2.0000005e-02  -1.9999971e-02   8.1049323e-02
   1.0000006e-01  -2.0000005e-02   9.5367432e-09   8.1049323e-02
   1.0000006e-01  -2.3841858e-08   9.5367432e-09   1.0253299e-01
   1.0000006e-01  -2.3841858e-08   9.5367432e-09   1.0253299e-01
   1.0000006e-01   3.5762787e-08   1.9999990e-02   8.1049338e-02
   1.0000006e-01  -2.3841858e-08   1.9999990e-02   8.1049338e-02
   1.0000006e-01  -3.9999986e-02   1.9999990e-02   6.0071454e-02
   1.0000006e-01  -2.0000005e-02   1.9999990e-02   8.1049323e-02
   8.0000079e-02   2.0000017e-02   9.5367432e-09   8.3027381e-02
   1.0000006e-01   3.5762787e-08   3.9999971e-02   6.0071469e-02
   1.0000006e-01   2.0000017e-02   9.5367432e-09   1.0253301e-01
   1.0000006e-01   3.5762787e-08  -1.9999971e-02   1.0253306e-01
   1.0000006e-01  -2.0000005e-02   1.9999990e-02   8.1049323e-02
   1.0000006e-01  -2.3841858e-08   1.9999990e-02   8.1049338e-02
   8.0000079e-02  -2.0000005e-02   3.9999971e-02   4.0524743e-02
   1.0000006e-01   3.5762787e-08   1.9999990e-02   8.1049338e-02
   8.0000079e-02   2.0000017e-02   9.5367432e-09   8.3027381e-02
   1.0000006e-01   2.0000017e-02   9.5367432e-09   1.0253301e-01
   1.0000006e-01  -2.0000005e-02   1.9999990e-02   8.1049323e-02
   1.0000006e-01  -2.0000005e-02   1.9999990e-02   8.1049323e-02
   1.0000006e-01   3.5762787e-08   1.9999990e-02   8.1049338e-02
   1.0000006e-01   3.5762787e-08   1.9999990e-02   8.1049338e-02
   8.0000079e-02  -2.0000005e-02   9.5367432e-09   6.1519849e-02
   8.0000079e-02   2.0000017e-02   9.5367432e-09   8.3027381e-02
   1.0000006e-01  -2.3841858e-08   9.5367432e-09   1.0253299e-01
   1.0000006e-01   2.0000017e-02   1.9999990e-02   8.1049338e-02
   1.0000006e-01  -2.0000005e-02   1.9999990e-02   8.1049323e-02
   1.0000006e-01   3.5762787e-08   1.9999990e-02   8.1049338e-02
   1.0000006e-01  -2.3841858e-08   9.5367432e-09   1.0253299e-01
   1.0000006e-01  -2.3841858e-08   1.9999990e-02   8.1049338e-02
   1.0000006e-01  -2.0000005e-02   1.9999990e-02   8.1049323e-02
   1.0000006e-01  -2.0000005e-02   1.9999990e-02   8.1049323e-02
   1.0000006e-01  -2.3841858e-08   9.5367432e-09   1.0253299e-01
   1.0000006e-01   3.5762787e-08   1.9999990e-02   8.1049338e-02
   8.0000079e-02  -2.0000005e-02   1.9999990e-02   6.1519849e-02
   1.0000006e-01  -2.3841858e-08   9.5367432e-09   1.0253299e-01
   1.0000006e-01  -2.0000005e-02   1.9999990e-02   8.1049323e-02
   1.0000006e-01   3.5762787e-08   3.9999971e-02   6.0071469e-02
   1.0000006e-01  -2.0000005e-02   1.9999990e-02   8.1049323e-02
   1.0000006e-01   3.5762787e-08   1.9999990e-02   8.1049338e-02
   1.0000006e-01   2.0000017e-02   9.5367432e-09   1.0253301e-01
   1.0000006e-01  -2.0000005e-02   1.9999990e-02   8.1049323e-02
   1.0000006e-01  -2.0000005e-02   1.9999990e-02   8.1049323e-02
   1.0000006e-01  -2.0000005e-02   1.9999990e-02   8.1049323e-02
   1.0000006e-01  -2.0000005e-02   1.9999990e-02   8.1049323e-02
   8.0000079e-02  -2.3841858e-08   1.9999990e-02   6.1519864e-02
   8.0000079e-02  -2.3841858e-08   1.9999990e-02   6.1519864e-02
   8.0000079e-02  -2.3841858e-08   1.9999990e-02   6.1519864e-02
   8.0000079e-02  -2.3841858e-08   9.5367432e-09   8.3027365e-02
   1.0000006e-01   3.9999998e-02   1.9999990e-02   8.1049338e-02
   1.0000006e-01   2.0000017e-02   1.9999990e-02   8.1049338e-02
   1.0000006e-01   2.0000017e-02   9.5367432e-09   1.0253301e-01
   1.0000006e-01   3.9999998e-02  -1.9999971e-02   1.2454100e-01
   1.0000006e-01  -2.3841858e-08   1.9999990e-02   8.1049338e-02
   8.0000079e-02   2.0000017e-02   1.9999990e-02   6.1519864e-02
   1.0000006e-01  -2.0000005e-02   9.5367432e-09   8.1049323e-02
   8.0000079e-02  -2.3841858e-08   9.5367432e-09   8.3027365e-02
   1.0000006e-01   1.9999957e-02   1.9999990e-02   8.1049338e-02
   1.0000006e-01   3.5762787e-08   9.5367432e-09   1.0253301e-01
   1.0000006e-01   3.5762787e-08   1.9999990e-02   8.1049338e-02
   1.0000006e-01  -2.3841858e-08   1.9999990e-02   8.1049338e-02
   1.0000006e-01  -2.3841858e-08   1.9999990e-02   8.1049338e-02
   1.0000006e-01  -2.3841858e-08   1.9999990e-02   8.1049338e-02
   8.0000079e-02  -2.0000005e-02   1.9999990e-02   6.1519849e-02
   8.0000079e-02  -2.0000005e-02   1.9999990e-02   6.1519849e-02
   8.0000079e-02  -2.3841858e-08   9.5367432e-09   8.3027365e-02
   1.0000006e-01  -2.3841858e-08   1.9999990e-02   8.1049338e-02
   1.0000006e-01  -2.3841858e-08   1.9999990e-02   8.1049338e-02
   1.0000006e-01  -2.3841858e-08   9.5367432e-09   1.0253299e-01
   8.0000079e-02  -2.3841858e-08   1.9999990e-02   6.1519864e-02
   8.0000079e-02   1.9999957e-02   9.5367432e-09   8.3027381e-02
   1.0000006e-01  -2.3841858e-08   9.5367432e-09   1.0253299e-01
   1.2000004e-01   1.9999957e-02   1.9999990e-02   1.0011902e-01
   1.2000004e-01  -2.3841858e-08   1.9999990e-02   1.0011902e-01
   1.0000006e-01  -2.3841858e-08   3.9999971e-02   6.0071469e-02
   8.0000079e-02  -2.3841858e-08   3.9999971e-02   4.0524743e-02
   1.0000006e-01  -2.3841858e-08   1.9999990e-02   8.1049338e-02
   1.2000004e-01  -2.3841858e-08   9.5367432e-09   1.2157392e-01
   1.0000006e-01  -2.3841858e-08   1.9999990e-02   8.1049338e-02
   8.0000079e-02  -2.3841858e-08   9.5367432e-09   8.3027365e-02
   1.2000004e-01  -2.3841858e-08   9.5367432e-09   1.2157392e-01
   1.0000006e-01  -2.3841858e-08   1.9999990e-02   8.1049338e-02
   1.0000006e-01  -2.3841858e-08   3.9999971e-02   6.0071469e-02
   1.0000006e-01  -2.3841858e-08   9.5367432e-09   1.0253299e-01
   1.0000006e-01  -2.3841858e-08   1.9999990e-02   8.1049338e-02
   1.0000006e-01  -2.3841858e-08   9.5367432e-09   1.0253299e-01
   1.0000006e-01  -2.3841858e-08   5.9999952e-02   3.9581748e-02
   1.0000006e-01   1.9999957e-02   3.9999971e-02   6.0071469e-02
   1.0000006e-01   3.9999998e-02   3.9999971e-02   6.0071469e-02
   1.0000006e-01  -2.0000005e-02   9.5367432e-09   8.1049323e-02
   1.2000004e-01   1.9999957e-02   9.5367432e-09   1.2157393e-01
   1.2000004e-01  -2.3841858e-08   9.5367432e-09   1.2157392e-01
   1.0000006e-01  -2.3841858e-08   1.9999990e-02   8.1049338e-02
   1.2000004e-01  -2.0000005e-02   1.9999990e-02   1.0011900e-01
   1.0000006e-01  -2.3841858e-08   3.9999971e-02   6.0071469e-02
   1.0000006e-01  -2.0000005e-02   3.9999971e-02   6.0071469e-02
   1.0000006e-01  -2.3841858e-08   9.5367432e-09   1.0253299e-01
   1.2000004e-01  -2.3841858e-08   3.9999971e-02   7.9163351e-02
   1.0000006e-01  -2.0000005e-02   3.9999971e-02   6.0071469e-02
   1.0000006e-01  -2.3841858e-08   9.5367432e-09   1.0253299e-01
   1.0000006e-01   1.9999957e-02   1.9999990e-02   8.1049338e-02
   1.0000006e-01  -2.3841858e-08   1.9999990e-02   8.1049338e-02
   1.0000006e-01  -2.0000005e-02   1.9999990e-02   8.1049323e-02
   8.0000079e-02  -2.3841858e-08   1.9999990e-02   6.1519864e-02
   1.0000006e-01  -2.3841858e-08   1.9999990e-02   8.1049338e-02
   1.0000006e-01  -2.0000005e-02   1.9999990e-02   8.1049323e-02
   1.0000006e-01  -2.0000005e-02   1.9999990e-02   8.1049323e-02
   1.0000006e-01  -2.3841858e-08   1.9999990e-02   8.1049338e-02
   1.0000006e-01  -2.0000005e-02   9.5367432e-09   8.1049323e-02
   1.0000006e-01   3.9999998e-02   1.9999990e-02   8.1049338e-02
   1.0000006e-01  -2.0000005e-02   9.5367432e-09   8.1049323e-02
   1.0000006e-01   3.9999998e-02   9.5367432e-09   1.0253301e-01
   1.0000006e-01  -2.0000005e-02   1.9999990e-02   8.1049323e-02
   1.0000006e-01  -2.3841858e-08   1.9999990e-02   8.1049338e-02
   1.0000006e-01  -2.0000005e-02   9.5367432e-09   8.1049323e-02
   1.0000006e-01  -2.3841858e-08   3.9999971e-02   6.0071469e-02
   8.0000079e-02   1.9999957e-02   1.9999990e-02   6.1519864e-02
   1.0000006e-01  -2.0000005e-02   9.5367432e-09   8.1049323e-02
   1.0000006e-01  -2.3841858e-08   9.5367432e-09   1.0253299e-01
   1.0000006e-01   1.9999957e-02  -1.9999971e-02   1.2454098e-01
   1.0000006e-01  -2.0000005e-02   1.9999990e-02   8.1049323e-02
   1.0000006e-01  -2.3841858e-08   3.9999971e-02   6.0071469e-02
   1.0000006e-01  -2.0000005e-02   1.9999990e-02   8.1049323e-02
   8.0000079e-02  -2.3841858e-08   1.9999990e-02   6.1519864e-02
   1.0000006e-01  -2.0000005e-02   9.5367432e-09   8.1049323e-02
   1.0000006e-01  -2.3841858e-08  -1.9999971e-02   1.0253299e-01
   1.2000004e-01  -2.0000005e-02   1.9999990e-02   1.0011900e-01
   8.0000079e-02  -2.0000005e-02   1.9999990e-02   6.1519849e-02
   1.0000006e-01  -2.0000005e-02   9.5367432e-09   8.1049323e-02
   1.0000006e-01  -2.3841858e-08   9.5367432e-09   1.0253299e-01
   1.0000006e-01  -2.3841858e-08   1.9999990e-02   8.1049338e-02
   1.0000006e-01  -2.3841858e-08   9.5367432e-09   1.0253299e-01
   8.0000079e-02  -3.9999986e-02   9.5367432e-09   4.0524728e-02
   1.0000006e-01  -2.0000005e-02   1.9999990e-02   8.1049323e-02
   1.0000006e-01  -2.3841858e-08   1.9999990e-02   8.1049338e-02
   1.0000006e-01  -2.0000005e-02  -1.9999971e-02   8.1049323e-02
   1.0000006e-01  -2.3841858e-08   9.5367432e-09   1.0253299e-01
   8.0000079e-02  -2.3841858e-08   9.5367432e-09   8.3027365e-02
   1.0000006e-01  -3.9999986e-02   1.9999990e-02   6.0071454e-02
   1.0000006e-01  -2.0000005e-02   9.5367432e-09   8.1049323e-02
   8.0000079e-02  -2.3841858e-08   9.5367432e-09   8.3027365e-02
   8.0000079e-02  -2.3841858e-08   9.5367432e-09   8.3027365e-02
   1.0000006e-01  -2.3841858e-08   9.5367432e-09   1.0253299e-01
   8.0000079e-02  -3.9999986e-02   1.9999990e-02   4.0524728e-02
   8.0000079e-02  -3.9999986e-02   1.9999990e-02   4.0524728e-02
   1.0000006e-01   1.9999957e-02  -1.9999971e-02   1.2454098e-01
   1.0000006e-01   2.0000017e-02  -1.9999971e-02   1.2454100e-01
   1.0000006e-01  -2.0000005e-02   9.5367432e-09   8.1049323e-02
   8.0000079e-02  -2.0000005e-02   9.5367432e-09   6.1519849e-02
   1.0000006e-01  -2.3841858e-08   1.9999990e-02   8.1049338e-02
   1.0000006e-01  -2.0000005e-02   9.5367432e-09   8.1049323e-02
   1.0000006e-01  -2.3841858e-08  -1.9999971e-02   1.0253299e-01
   1.0000006e-01  -2.0000005e-02   9.5367432e-09   8.1049323e-02
   1.0000006e-01  -2.3841858e-08   9.5367432e-09   1.0253299e-01
   1.0000006e-01  -2.3841858e-08   9.5367432e-09   1.0253299e-01
   1.0000006e-01  -2.0000005e-02   3.9999971e-02   6.0071469e-02
   1.0000006e-01  -2.0000005e-02   1.9999990e-02   8.1049323e-02
   1.0000006e-01  -3.9999986e-02   1.9999990e-02   6.0071454e-02
   1.0000006e-01  -3.9999986e-02  -1.9999971e-02   6.0071454e-02
   1.0000006e-01  -2.3841858e-08  -1.9999971e-02   1.0253299e-01
   1.0000006e-01  -2.3841858e-08   9.5367432e-09   1.0253299e-01
   1.2000004e-01   2.0000017e-02  -1.9999971e-02   1.4354615e-01
   1.0000006e-01  -2.0000005e-02   1.9999990e-02   8.1049323e-02
   1.0000006e-01  -2.0000005e-02   1.9999990e-02   8.1049323e-02
   1.0000006e-01  -3.9999986e-02   3.9999971e-02   6.0071454e-02
   8.0000079e-02  -2.0000005e-02   3.9999971e-02   4.0524743e-02
   8.0000079e-02  -3.9999986e-02   1.9999990e-02   4.0524728e-02
   1.0000006e-01   3.5762787e-08   9.5367432e-09   1.0253301e-01
   1.0000006e-01  -4.0000045e-02   1.9999990e-02   6.0071393e-02
   1.0000006e-01   3.5762787e-08   9.5367432e-09   1.0253301e-01
   1.0000006e-01   3.5762787e-08   9.5367432e-09   1.0253301e-01
   1.0000006e-01  -4.0000045e-02   9.5367432e-09   6.0071393e-02
   1.0000006e-01  -2.0000005e-02   9.5367432e-09   8.1049323e-02
   1.0000006e-01  -2.0000005e-02   9.5367432e-09   8.1049323e-02
   1.0000006e-01  -2.0000005e-02   9.5367432e-09   8.1049323e-02
   1.0000006e-01   3.5762787e-08  -1.9999971e-02   1.0253306e-01
   8.0000019e-02  -4.0000045e-02   9.5367432e-09   4.0524607e-02
   1.0000006e-01  -4.0000045e-02   9.5367432e-09   6.0071393e-02
   1.0000006e-01   3.5762787e-08  -1.9999971e-02   1.0253306e-01
   8.0000019e-02  -2.0000005e-02  -1.9999971e-02   6.1519790e-02
   1.0000006e-01   3.5762787e-08  -1.9999971e-02   1.0253306e-01
   8.0000019e-02  -2.0000005e-02  -1.9999971e-02   6.1519790e-02
   8.0000019e-02  -2.0000005e-02  -1.9999971e-02   6.1519790e-02
   8.0000019e-02  -2.0000005e-02  -3.9999952e-02   6.1519790e-02
   1.0000000e-01   2.0000017e-02  -5.9999933e-02   1.2454099e-01
   1.0000000e-01   3.5762787e-08  -3.9999952e-02   1.0253300e-01
   1.2000004e-01  -2.0000005e-02  -1.9999971e-02   1.0011900e-01
   1.0000000e-01  -2.0000005e-02   9.5367432e-09   8.1049265e-02
   1.0000000e-01  -2.3841858e-08  -1.9999971e-02   1.0253293e-01
   1.0000000e-01  -3.9999986e-02  -1.9999971e-02   6.0071397e-02
   1.0000000e-01  -3.9999986e-02  -1.9999971e-02   6.0071397e-02
   1.0000000e-01  -2.0000005e-02  -1.9999971e-02   8.1049265e-02
   1.0000000e-01  -2.0000005e-02   9.5367432e-09   8.1049265e-02
   1.0000000e-01  -2.3841858e-08  -3.9999952e-02   1.0253293e-01
   1.0000000e-01  -2.3841858e-08  -3.9999952e-02   1.0253293e-01
   1.0000000e-01  -3.9999986e-02  -1.9999971e-02   6.0071397e-02
   1.0000000e-01  -2.0000005e-02   9.5367432e-09   8.1049265e-02
   1.0000000e-01  -2.3841858e-08  -3.9999952e-02   1.0253293e-01
   1.0000000e-01  -2.0000005e-02  -1.9999971e-02   8.1049265e-02
   1.0000000e-01  -3.9999986e-02   1.9999990e-02   6.0071397e-02
   1.0000000e-01  -2.3841858e-08   9.5367432e-09   1.0253293e-01
   1.0000000e-01  -2.3841858e-08   9.5367432e-09   1.0253293e-01
   1.0000000e-01  -3.9999986e-02  -1.9999971e-02   6.0071397e-02
   1.0000000e-01  -2.0000005e-02  -1.9999971e-02   8.1049265e-02
   1.0000000e-01  -3.9999986e-02  -1.9999971e-02   6.0071397e-02
   1.0000000e-01  -2.0000005e-02  -1.9999971e-02   8.1049265e-02
   1.0000000e-01  -2.3841858e-08  -1.9999971e-02   1.0253293e-01
   1.0000000e-01  -2.0000005e-02  -1.9999971e-02   8.1049265e-02
   1.0000000e-01  -2.3841858e-08   9.5367432e-09   1.0253293e-01
   8.0000019e-02  -2.3841858e-08   9.5367432e-09   8.3027306e-02
   8.0000019e-02  -2.0000005e-02  -1.9999971e-02   6.1519790e-02
   1.0000000e-01  -3.9999986e-02   9.5367432e-09   6.0071397e-02
   1.0000000e-01  -2.0000005e-02  -1.9999971e-02   8.1049265e-02
   1.0000000e-01  -2.0000005e-02  -1.9999971e-02   8.1049265e-02
   1.0000000e-01  -2.0000005e-02  -1.9999971e-02   8.1049265e-02
   1.0000000e-01  -2.0000005e-02   9.5367432e-09   8.1049265e-02
   1.0000000e-01  -2.0000005e-02  -3.9999952e-02   8.1049265e-02
   1.0000000e-01  -2.0000005e-02  -1.9999971e-02   8.1049265e-02
   1.0000000e-01  -2.0000005e-02  -1.9999971e-02   8.1049265e-02
   1.0000000e-01  -2.0000005e-02  -3.9999952e-02   8.1049265e-02
   1.0000000e-01  -2.0000005e-02  -3.9999952e-02   8.1049265e-02
   1.0000000e-01   3.5762787e-08  -5.9999933e-02   1.0253300e-01
   1.0000000e-01  -2.0000005e-02  -1.9999971e-02   8.1049265e-02
   1.1999998e-01  -3.9999986e-02  -3.9999952e-02   7.9163280e-02
   1.0000000e-01   3.5762787e-08  -1.9999971e-02   1.0253300e-01
   1.0000000e-01  -2.0000005e-02  -1.9999971e-02   8.1049265e-02
   1.0000000e-01  -3.9999986e-02   9.5367432e-09   6.0071397e-02
   1.0000000e-01  -3.9999986e-02   9.5367432e-09   6.0071397e-02
   1.0000000e-01   3.5762787e-08  -3.9999952e-02   1.0253300e-01
   1.1999998e-01   3.5762787e-08  -3.9999952e-02   1.2157393e-01
   1.0000000e-01   3.5762787e-08  -1.9999971e-02   1.0253300e-01
   1.0000000e-01   3.5762787e-08   9.5367432e-09   1.0253295e-01
   1.0000000e-01  -3.9999986e-02   9.5367432e-09   6.0071397e-02
   1.0000000e-01  -1.9999945e-02  -1.9999971e-02   8.1049328e-02
   1.0000000e-01  -1.9999945e-02  -1.9999971e-02   8.1049328e-02
   1.0000000e-01  -3.9999986e-02   9.5367432e-09   6.0071397e-02
   1.0000000e-01  -1.9999945e-02  -1.9999971e-02   8.1049328e-02
   1.0000000e-01   3.5762787e-08  -1.9999971e-02   1.0253300e-01
   1.0000000e-01  -3.9999986e-02   1.9999990e-02   6.0071397e-02
   1.0000000e-01  -3.9999986e-02   9.5367432e-09   6.0071397e-02
   1.0000000e-01   3.5762787e-08  -1.9999971e-02   1.0253300e-01
   1.0000000e-01  -2.0000005e-02  -1.9999971e-02   8.1049265e-02
   1.0000000e-01  -3.9999986e-02   9.5367432e-09   6.0071397e-02
   1.0000000e-01  -3.9999986e-02  -1.9999971e-02   6.0071397e-02
   1.2000010e-01  -2.3841858e-08  -3.9999952e-02   1.2157397e-01
   7.9999989e-02  -2.3841858e-08  -3.9999952e-02   8.3027277e-02
   1.0000000e-01  -2.0000005e-02  -1.9999971e-02   8.1049265e-02
   7.9999989e-02  -2.0000005e-02   9.5367432e-09   6.1519761e-02
   1.0000000e-01  -2.3841858e-08   9.5367432e-09   1.0253293e-01
   1.0000009e-01  -2.3841858e-08   9.5367432e-09   1.0253302e-01
   1.0000009e-01  -2.3841858e-08   9.5367432e-09   1.0253302e-01
   7.9999989e-02  -2.0000005e-02  -1.9999971e-02   6.1519761e-02
   1.0000009e-01  -3.9999986e-02  -1.9999971e-02   6.0071483e-02
   1.0000009e-01  -3.9999986e-02  -1.9999971e-02   6.0071483e-02
   1.0000009e-01  -2.0000005e-02  -3.9999952e-02   8.1049351e-02
   1.0000009e-01   3.5762787e-08  -3.9999952e-02   1.0253309e-01
   1.0000009e-01  -1.9999945e-02  -1.9999971e-02   8.1049415e-02
   1.0000009e-01   3.5762787e-08   9.5367432e-09   1.0253304e-01
   1.0000009e-01  -2.0000005e-02   9.5367432e-09   8.1049351e-02
   1.0000009e-01  -3.9999986e-02  -1.9999971e-02   6.0071483e-02
   1.0000009e-01   3.5762787e-08  -1.9999971e-02   1.0253309e-01
   1.0000009e-01  -1.9999945e-02  -1.9999971e-02   8.1049415e-02
   8.0000079e-02  -1.9999945e-02   9.5367432e-09   6.1519912e-02
   8.0000079e-02   3.5762787e-08   9.5367432e-09   8.3027381e-02
   8.0000079e-02   3.5762787e-08  -1.9999971e-02   8.3027430e-02
   1.0000009e-01  -1.9999945e-02  -1.9999971e-02   8.1049415e-02
   8.0000079e-02  -3.9999986e-02   9.5367432e-09   4.0524728e-02
   8.0000079e-02   2.0000017e-02  -3.9999952e-02   1.0506633e-01
   8.0000079e-02   2.0000017e-02  -1.9999971e-02   1.0506628e-01
   8.0000079e-02   3.5762787e-08   9.5367432e-09   8.3027381e-02
   1.0000009e-01  -1.9999945e-02  -1.9999971e-02   8.1049415e-02
   1.0000006e-01  -1.9999945e-02   9.5367432e-09   8.1049386e-02
   1.0000006e-01   2.0000017e-02  -1.9999971e-02   1.2454100e-01
   1.0000006e-01   3.5762787e-08   9.5367432e-09   1.0253301e-01
   8.0000079e-02  -2.0000005e-02   9.5367432e-09   6.1519849e-02
   8.0000079e-02  -2.0000005e-02   9.5367432e-09   6.1519849e-02
   1.0000006e-01   3.5762787e-08   3.9999971e-02   6.0071469e-02
   8.0000079e-02   2.0000017e-02   9.5367432e-09   8.3027381e-02
   8.0000079e-02  -1.9999945e-02  -1.9999971e-02   6.1519912e-02
   1.0000006e-01   2.0000017e-02  -1.9999971e-02   1.2454100e-01
   1.0000006e-01  -2.0000005e-02  -1.9999971e-02   8.1049323e-02
   6.0000098e-02  -2.3841858e-08  -1.9999971e-02   6.3039814e-02
   1.0000006e-01  -2.0000005e-02  -1.9999971e-02   8.1049323e-02
   1.0000006e-01  -2.0000005e-02  -1.9999971e-02   8.1049323e-02
   6.0000098e-02  -3.9999986e-02  -1.9999971e-02   2.0506706e-02
   8.0000079e-02  -2.3841858e-08  -1.9999971e-02   8.3027365e-02
   8.0000079e-02   3.9999998e-02  -1.9999971e-02   1.0506628e-01
   8.0000079e-02   1.9999957e-02  -3.9999952e-02   1.0506627e-01
   8.0000079e-02   2.0000017e-02  -1.9999971e-02   1.0506628e-01
   8.0000079e-02   2.0000017e-02  -1.9999971e-02   1.0506628e-01
   8.0000079e-02  -2.3841858e-08   9.5367432e-09   8.3027365e-02
   8.0000079e-02   2.0000017e-02   9.5367432e-09   8.3027381e-02
   8.0000079e-02  -2.3841858e-08   9.5367432e-09   8.3027365e-02
   8.0000079e-02  -2.3841858e-08  -1.9999971e-02   8.3027365e-02
   8.0000079e-02  -2.3841858e-08   9.5367432e-09   8.3027365e-02
   8.0000079e-02  -2.3841858e-08   1.9999990e-02   6.1519864e-02
   8.0000079e-02  -2.3841858e-08  -1.9999971e-02   8.3027365e-02
   1.0000006e-01   1.9999957e-02   1.9999990e-02   8.1049338e-02
   8.0000079e-02  -2.3841858e-08   9.5367432e-09   8.3027365e-02
   8.0000079e-02  -2.3841858e-08  -1.9999971e-02   8.3027365e-02
   8.0000079e-02  -2.3841858e-08   9.5367432e-09   8.3027365e-02
   1.0000006e-01  -2.3841858e-08  -1.9999971e-02   1.0253299e-01
   8.0000079e-02  -2.3841858e-08   9.5367432e-09   8.3027365e-02
   8.0000079e-02   1.9999957e-02   1.9999990e-02   6.1519864e-02
   8.0000079e-02  -2.3841858e-08  -1.9999971e-02   8.3027365e-02
   1.0000006e-01   1.9999957e-02   9.5367432e-09   1.0253301e-01
   1.0000006e-01  -2.3841858e-08  -1.9999971e-02   1.0253299e-01
   1.0000006e-01  -2.3841858e-08   9.5367432e-09   1.0253299e-01
   1.0000006e-01  -2.0000005e-02   3.9999971e-02   6.0071469e-02
   1.0000006e-01  -2.0000005e-02   1.9999990e-02   8.1049323e-02
   1.0000006e-01   1.9999957e-02   9.5367432e-09   1.0253301e-01
   1.0000006e-01  -2.0000005e-02   9.5367432e-09   8.1049323e-02
   1.0000006e-01  -2.0000005e-02   1.9999990e-02   8.1049323e-02
   1.0000006e-01  -2.0000005e-02   9.5367432e-09   8.1049323e-02
   1.0000006e-01  -2.3841858e-08   9.5367432e-09   1.0253299e-01
   1.0000006e-01  -2.3841858e-08   3.9999971e-02   6.0071469e-02
   1.0000006e-01  -2.3841858e-08   3.9999971e-02   6.0071469e-02
   8.0000049e-02   2.0000017e-02   1.9999990e-02   6.1519835e-02
   8.0000049e-02   2.0000017e-02   9.5367432e-09   8.3027351e-02
   8.0000049e-02   3.9999998e-02  -1.9999971e-02   1.0506625e-01
   1.0000006e-01   3.5762787e-08   9.5367432e-09   1.0253301e-01
   8.0000049e-02   2.0000017e-02   1.9999990e-02   6.1519835e-02
   8.0000049e-02  -2.3841858e-08   9.5367432e-09   8.3027336e-02
   8.0000049e-02   3.5762787e-08   1.9999990e-02   6.1519835e-02
   8.0000049e-02   3.5762787e-08   9.5367432e-09   8.3027351e-02
   8.0000049e-02   3.9999998e-02   1.9999990e-02   6.1519835e-02
   8.0000049e-02   3.9999998e-02   9.5367432e-09   8.3027351e-02
   8.0000049e-02  -2.3841858e-08   9.5367432e-09   8.3027336e-02
   1.0000006e-01   2.0000017e-02   9.5367432e-09   1.0253301e-01
   8.0000049e-02  -2.3841858e-08   9.5367432e-09   8.3027336e-02
   8.0000049e-02   2.0000017e-02   1.9999990e-02   6.1519835e-02
   8.0000049e-02   3.9999998e-02   1.9999990e-02   6.1519835e-02
   8.0000049e-02   2.0000017e-02   1.9999990e-02   6.1519835e-02
   1.0000006e-01   2.0000017e-02   9.5367432e-09   1.0253301e-01
   8.0000049e-02   3.9999998e-02   9.5367432e-09   8.3027351e-02
   1.0000006e-01   2.0000017e-02  -1.9999971e-02   1.2454100e-01
   1.0000006e-01   2.0000017e-02   1.9999990e-02   8.1049338e-02
   1.0000006e-01   2.0000017e-02   1.9999990e-02   8.1049338e-02
   1.0000006e-01   2.0000017e-02   9.5367432e-09   1.0253301e-01
   1.0000006e-01  -2.3841858e-08   1.9999990e-02   8.1049338e-02
   8.0000049e-02  -2.3841858e-08   1.9999990e-02   6.1519835e-02
   8.0000049e-02   3.9999998e-02   9.5367432e-09   8.3027351e-02
   1.0000006e-01  -2.3841858e-08   9.5367432e-09   1.0253299e-01
   1.0000006e-01  -2.3841858e-08   1.9999990e-02   8.1049338e-02
   8.0000049e-02  -2.3841858e-08   1.9999990e-02   6.1519835e-02
   1.0000006e-01  -2.3841858e-08   1.9999990e-02   8.1049338e-02
   1.0000006e-01   2.0000017e-02   9.5367432e-09   1.0253301e-01
   1.0000006e-01   2.0000017e-02   3.9999971e-02   6.0071469e-02
   1.0000006e-01   2.0000017e-02   1.9999990e-02   8.1049338e-02
   1.0000006e-01   2.0000017e-02   9.5367432e-09   1.0253301e-01
   1.0000006e-01   3.9999998e-02   3.9999971e-02   6.0071469e-02
   1.0000006e-01   3.9999998e-02   1.9999990e-02   8.1049338e-02
   1.0000006e-01   1.9999957e-02   1.9999990e-02   8.1049338e-02
   1.0000006e-01   2.0000017e-02   9.5367432e-09   1.0253301e-01
   1.0000006e-01  -2.3841858e-08   3.9999971e-02   6.0071469e-02
   1.0000006e-01   3.9999998e-02   1.9999990e-02   8.1049338e-02
   1.0000006e-01   1.9999957e-02   9.5367432e-09   1.0253301e-01
   1.0000006e-01   3.9999998e-02   1.9999990e-02   8.1049338e-02
   1.2000004e-01   1.9999957e-02   1.9999990e-02   1.0011902e-01
   1.0000006e-01  -2.3841858e-08   1.9999990e-02   8.1049338e-02
   1.0000006e-01   2.0000017e-02   3.9999971e-02   6.0071469e-02
   1.0000006e-01   2.0000017e-02   5.9999952e-02   3.9581748e-02
   1.2000004e-01   2.0000017e-02   5.9999952e-02   5.8689706e-02
   1.2000004e-01   1.9999957e-02   1.9999990e-02   1.0011902e-01
   1.0000006e-01   3.9999998e-02   1.9999990e-02   8.1049338e-02
   1.0000006e-01   3.9999998e-02   1.9999990e-02   8.1049338e-02
   1.0000006e-01   3.9999998e-02   9.5367432e-09   1.0253301e-01
   1.0000006e-01   3.9999998e-02   3.9999971e-02   6.0071469e-02
   1.2000004e-01   6.0000038e-02   1.9999990e-02   1.0011902e-01
   1.0000006e-01   2.0000017e-02   1.9999990e-02   8.1049338e-02
   1.0000006e-01   1.9999957e-02   3.9999971e-02   6.0071469e-02
   1.2000004e-01   1.9999957e-02   1.9999990e-02   1.0011902e-01
   1.0000006e-01   1.9999957e-02   1.9999990e-02   8.1049338e-02
   1.2000004e-01   3.9999998e-02   9.5367432e-09   1.2157393e-01
   1.2000004e-01   3.9999998e-02   9.5367432e-09   1.2157393e-01
   1.2000004e-01   2.0000017e-02   1.9999990e-02   1.0011902e-01
   1.2000004e-01   2.0000017e-02   1.9999990e-02   1.0011902e-01
   1.0000006e-01   1.9999957e-02   5.9999952e-02   3.9581748e-02
   1.0000006e-01   1.9999957e-02   5.9999952e-02   3.9581748e-02
   1.0000006e-01  -2.3841858e-08   5.9999952e-02   3.9581748e-02
   1.0000006e-01   1.9999957e-02   1.9999990e-02   8.1049338e-02
   1.2000004e-01   3.9999998e-02   1.9999990e-02   1.0011902e-01
   1.2000004e-01   3.9999998e-02   1.9999990e-02   1.0011902e-01
   1.2000004e-01   3.9999998e-02   9.5367432e-09   1.2157393e-01
   1.2000004e-01   3.9999998e-02   9.5367432e-09   1.2157393e-01
   1.2000004e-01   5.9999979e-02  -1.9999971e-02   1.4354615e-01
   1.2000004e-01   5.9999979e-02  -1.9999971e-02   1.4354615e-01
   1.2000004e-01   3.9999998e-02   3.9999971e-02   7.9163351e-02
   1.2000004e-01   3.9999998e-02   3.9999971e-02   7.9163351e-02
   1.2000004e-01   3.5762787e-08   8.0000172e-02   3.8681405e-02
   1.2000004e-01   3.5762787e-08   8.0000172e-02   3.8681405e-02
   1.2000004e-01   2.0000017e-02   5.9999952e-02   5.8689706e-02
   1.2000004e-01   2.0000017e-02   5.9999952e-02   5.8689706e-02
   1.2000004e-01   2.0000017e-02   1.9999990e-02   1.0011902e-01
   1.2000004e-01   2.0000017e-02   1.9999990e-02   1.0011902e-01
   1.4000005e-01   3.9999998e-02   9.5367432e-09   1.4016659e-01
   1.4000005e-01   3.9999998e-02   1.9999990e-02   1.1874498e-01
   1.4000005e-01   3.9999998e-02   5.9999952e-02   7.7363169e-02
   1.4000005e-01   3.9999998e-02   5.9999952e-02   7.7363169e-02
   1.4000005e-01   3.5762787e-08   5.9999952e-02   7.7363169e-02
   1.4000005e-01   2.0000017e-02   3.9999971e-02   9.7816110e-02
   1.4000005e-01   3.9999998e-02   5.9999952e-02   7.7363169e-02
   1.4000005e-01   2.0000017e-02   5.9999952e-02   7.7363169e-02
   1.4000005e-01   2.0000017e-02   5.9999952e-02   7.7363169e-02
   1.4000005e-01   3.9999998e-02   3.9999971e-02   9.7816110e-02
   1.4000005e-01   4.0000057e-02   3.9999971e-02   9.7816110e-02
   1.4000005e-01   4.0000057e-02   3.9999971e-02   9.7816110e-02
   1.4000005e-01   4.0000057e-02   5.9999952e-02   7.7363169e-02
   1.4000005e-01   4.0000057e-02   7.9999933e-02   5.7370108e-02
   1.4000005e-01   4.0000057e-02   5.9999952e-02   7.7363169e-02
   1.4000005e-01   2.0000017e-02   5.9999952e-02   7.7363169e-02
   1.6000006e-01   2.0000017e-02   3.9999971e-02   1.1604470e-01
   1.6000006e-01   2.0000017e-02   7.9999933e-02   7.5643040e-02
   1.6000006e-01   4.0000057e-02   5.9999952e-02   9.5616762e-02
   1.6000006e-01   4.0000057e-02   3.9999971e-02   1.1604470e-01
   1.4000008e-01   2.0000017e-02   7.9999933e-02   5.7370136e-02
   1.4000008e-01   2.0000017e-02   5.9999952e-02   7.7363196e-02
   1.4000008e-01   3.9999998e-02   5.9999952e-02   7.7363196e-02
   1.4000008e-01   3.9999998e-02   7.9999933e-02   5.7370136e-02
   1.4000008e-01   3.9999998e-02   5.9999952e-02   7.7363196e-02
   1.4000008e-01   3.9999998e-02   1.9999990e-02   1.1874501e-01
   1.4000008e-01   3.9999998e-02   7.9999933e-02   5.7370136e-02
   1.4000008e-01   3.9999998e-02   7.9999933e-02   5.7370136e-02
   1.4000008e-01   2.0000017e-02   3.9999971e-02   9.7816137e-02
   1.4000008e-01   3.5762787e-08   1.9999990e-02   1.1874501e-01
   1.4000008e-01   2.0000017e-02   7.9999933e-02   5.7370136e-02
   1.4000008e-01   2.0000017e-02   7.9999933e-02   5.7370136e-02
   1.6000006e-01   2.0000017e-02   7.9999933e-02   7.5643040e-02
   1.4000008e-01   3.9999998e-02   7.9999933e-02   5.7370136e-02
   1.4000008e-01   3.9999998e-02   5.9999952e-02   7.7363196e-02
   1.6000006e-01   3.9999998e-02   5.9999952e-02   9.5616762e-02
   1.6000006e-01   2.0000017e-02   7.9999933e-02   7.5643040e-02
   1.6000006e-01   5.9999979e-02   5.9999952e-02   9.5616762e-02
   1.4000008e-01   3.9999998e-02   5.9999952e-02   7.7363196e-02
   1.4000008e-01   2.0000017e-02   5.9999952e-02   7.7363196e-02
   1.4000008e-01   3.9999998e-02   5.9999952e-02   7.7363196e-02
   1.4000008e-01   2.0000017e-02   5.9999952e-02   7.7363196e-02
   1.4000008e-01   3.9999998e-02   7.9999933e-02   5.7370136e-02
   1.4000008e-01   3.9999998e-02   5.9999952e-02   7.7363196e-02
   1.4000008e-01   3.9999998e-02   5.9999952e-02   7.7363196e-02
   1.4000008e-01   3.9999998e-02   5.9999952e-02   7.7363196e-02
   1.4000008e-01   3.9999998e-02   3.9999971e-02   9.7816137e-02
   1.6000006e-01   3.9999998e-02   5.9999952e-02   9.5616762e-02
   1.4000008e-01   3.9999998e-02   7.9999933e-02   5.7370136e-02
   1.4000008e-01  -2.3841858e-08   5.9999952e-02   7.7363196e-02
   1.6000006e-01   1.9999957e-02   3.9999971e-02   1.1604470e-01
   1.6000006e-01   1.9999957e-02   7.9999933e-02   7.5643040e-02
   1.6000006e-01   1.9999957e-02   7.9999933e-02   7.5643040e-02
   1.6000006e-01   1.9999957e-02   7.9999933e-02   7.5643040e-02
   1.6000006e-01   1.9999957e-02   7.9999933e-02   7.5643040e-02
   1.3999996e-01   3.9999998e-02   5.9999952e-02   7.7363086e-02
   1.6000006e-01   3.9999998e-02   7.9999933e-02   7.5643040e-02
   1.3999996e-01   3.9999998e-02   7.9999933e-02   5.7370025e-02
   1.3999996e-01   3.9999998e-02   5.9999952e-02   7.7363086e-02
   1.3999996e-01   3.9999998e-02   3.9999971e-02   9.7816027e-02
   1.3999996e-01   2.0000017e-02   5.9999952e-02   7.7363086e-02
   1.3999996e-01   3.9999998e-02   7.9999933e-02   5.7370025e-02
   1.3999996e-01   2.0000017e-02   3.9999971e-02   9.7816027e-02
   1.6000000e-01   2.0000017e-02   7.9999933e-02   7.5642986e-02
   1.6000000e-01   3.5762787e-08   5.9999952e-02   9.5616708e-02
   1.6000000e-01   2.0000017e-02   7.9999933e-02   7.5642986e-02
   1.6000000e-01   2.0000017e-02   9.9999914e-02   5.6108493e-02
   1.6000000e-01   2.0000017e-02   7.9999933e-02   7.5642986e-02
   1.6000000e-01   2.0000017e-02   5.9999952e-02   9.5616708e-02
   1.6000000e-01   3.9999998e-02   7.9999933e-02   7.5642986e-02
   1.6000000e-01   3.9999998e-02   5.9999952e-02   9.5616708e-02
   1.4000002e-01   2.0000017e-02   5.9999952e-02   7.7363141e-02
   1.6000000e-01   2.0000017e-02   3.9999971e-02   1.1604464e-01
   1.6000000e-01   3.9999998e-02   5.9999952e-02   9.5616708e-02
   1.4000002e-01   3.9999998e-02   7.9999933e-02   5.7370081e-02
   1.4000002e-01   1.9999957e-02   7.9999933e-02   5.7370081e-02
   1.6000000e-01   3.9999998e-02   5.9999952e-02   9.5616708e-02
   1.6000000e-01   6.0000038e-02   5.9999952e-02   9.5616708e-02
   1.6000000e-01   3.9999998e-02   7.9999933e-02   7.5642986e-02
   1.6000000e-01   1.9999957e-02   7.9999933e-02   7.5642986e-02
   1.6000000e-01   3.9999998e-02   5.9999952e-02   9.5616708e-02
   1.6000000e-01   1.9999957e-02   5.9999952e-02   9.5616708e-02
   1.6000000e-01   1.9999957e-02   7.9999933e-02   7.5642986e-02
   1.4000002e-01   6.0000038e-02   7.9999933e-02   5.7370081e-02
   1.6000000e-01   1.9999957e-02   9.9999914e-02   5.6108493e-02
   1.6000000e-01   3.9999998e-02   3.9999971e-02   1.1604464e-01
   1.4000002e-01   3.9999998e-02   7.9999933e-02   5.7370081e-02
   1.4000002e-01   2.0000017e-02   3.9999971e-02   9.7816082e-02
   1.6000000e-01   2.0000017e-02   7.9999933e-02   7.5642986e-02
   1.6000000e-01   3.9999998e-02   3.9999971e-02   1.1604464e-01
   1.7999998e-01   5.9999979e-02   7.9999933e-02   9.3502941e-02
   1.6000000e-01   3.9999998e-02   7.9999933e-02   7.5642986e-02
   1.6000000e-01   3.5762787e-08   5.9999952e-02   9.5616708e-02
   1.6000000e-01   3.5762787e-08   7.9999933e-02   7.5642986e-02
   1.6000000e-01   2.0000017e-02   9.9999914e-02   5.6108493e-02
   1.6000000e-01   2.0000017e-02   7.9999933e-02   7.5642986e-02
   1.6000000e-01   3.9999998e-02   7.9999933e-02   7.5642986e-02
   1.6000000e-01   3.5762787e-08   5.9999952e-02   9.5616708e-02
   1.6000000e-01   3.9999998e-02   9.9999914e-02   5.6108493e-02
   1.6000000e-01   2.0000017e-02   7.9999933e-02   7.5642986e-02
   1.6000000e-01   2.0000017e-02   7.9999933e-02   7.5642986e-02
   1.6000000e-01   3.9999998e-02   3.9999971e-02   1.1604464e-01
   1.6000000e-01   2.0000017e-02   7.9999933e-02   7.5642986e-02
   1.6000000e-01   2.0000017e-02   7.9999933e-02   7.5642986e-02
   1.4000002e-01  -2.3841858e-08   7.9999933e-02   5.7370081e-02
   1.4000002e-01   2.0000017e-02   7.9999933e-02   5.7370081e-02
   1.4000002e-01   2.0000017e-02   7.9999933e-02   5.7370081e-02
   1.4000002e-01   3.9999998e-02   5.9999952e-02   7.7363141e-02
   1.6000006e-01  -2.3841858e-08   5.9999952e-02   9.5616762e-02
   1.6000006e-01   1.9999957e-02   5.9999952e-02   9.5616762e-02
   1.6000006e-01  -2.3841858e-08   5.9999952e-02   9.5616762e-02
   1.6000006e-01   1.9999957e-02   3.9999971e-02   1.1604470e-01
   1.6000006e-01   1.9999957e-02   5.9999952e-02   9.5616762e-02
   1.6000006e-01  -2.3841858e-08   7.9999933e-02   7.5643040e-02
   1.6000006e-01   1.9999957e-02   7.9999933e-02   7.5643040e-02
   1.6000006e-01   1.9999957e-02   3.9999971e-02   1.1604470e-01
   1.6000006e-01  -2.0000005e-02   7.9999933e-02   7.5643040e-02
   1.6000006e-01  -2.0000005e-02   7.9999933e-02   7.5643040e-02
   1.4000008e-01  -2.0000005e-02   9.9999914e-02   3.7821617e-02
   1.4000008e-01   1.9999957e-02   5.9999952e-02   7.7363196e-02
   1.4000008e-01   3.9999998e-02   5.9999952e-02   7.7363196e-02
   1.4000008e-01   2.0000017e-02   3.9999971e-02   9.7816137e-02
   1.4000008e-01   3.9999998e-02   5.9999952e-02   7.7363196e-02
   1.4000008e-01   3.9999998e-02   5.9999952e-02   7.7363196e-02
   1.4000008e-01   2.0000017e-02   5.9999952e-02   7.7363196e-02
   1.4000008e-01   3.9999998e-02   3.9999971e-02   9.7816137e-02
   1.4000008e-01   2.0000017e-02   7.9999933e-02   5.7370136e-02
   1.4000008e-01  -2.0000005e-02   5.9999952e-02   7.7363196e-02
   1.4000008e-01  -2.3841858e-08   5.9999952e-02   7.7363196e-02
   1.6000006e-01   3.5762787e-08   7.9999933e-02   7.5643040e-02
   1.4000008e-01   3.5762787e-08   5.9999952e-02   7.7363196e-02
   1.6000006e-01  -2.3841858e-08   5.9999952e-02   9.5616762e-02
   1.6000006e-01   2.0000017e-02   5.9999952e-02   9.5616762e-02
   1.6000006e-01   2.0000017e-02   5.9999952e-02   9.5616762e-02
   1.6000006e-01  -2.0000005e-02   5.9999952e-02   9.5616762e-02
   1.4000008e-01   2.0000017e-02   1.0000015e-01   3.7821386e-02
   1.4000008e-01  -2.3841858e-08   5.9999952e-02   7.7363196e-02
   1.6000006e-01   3.5762787e-08   3.9999971e-02   1.1604470e-01
   1.4000008e-01   2.0000017e-02   1.9999990e-02   1.1874501e-01
   1.4000008e-01   3.5762787e-08   6.0000191e-02   7.7362955e-02
   1.4000008e-01   3.5762787e-08   8.0000172e-02   5.7369900e-02
   1.4000008e-01   2.0000017e-02   8.0000172e-02   5.7369900e-02
   1.4000008e-01   3.5762787e-08   6.0000191e-02   7.7362955e-02
   1.4000008e-01   2.0000017e-02   6.0000191e-02   7.7362955e-02
   1.4000008e-01   2.0000017e-02   6.0000191e-02   7.7362955e-02
   1.4000008e-01   2.0000017e-02   3.9999971e-02   9.7816137e-02
   1.4000008e-01   2.0000017e-02   3.9999971e-02   9.7816137e-02
   1.4000008e-01   2.0000017e-02   1.9999990e-02   1.1874501e-01
   1.4000008e-01   3.5762787e-08   6.0000191e-02   7.7362955e-02
   1.4000008e-01   3.5762787e-08   3.9999971e-02   9.7816137e-02
   1.4000008e-01   2.0000017e-02   6.0000191e-02   7.7362955e-02
   1.6000006e-01   3.5762787e-08   8.0000172e-02   7.5642804e-02
   1.6000006e-01   2.0000017e-02   6.0000191e-02   9.5616521e-02
   1.6000006e-01  -1.9999945e-02   6.0000191e-02   9.5616521e-02
   1.6000006e-01  -1.9999945e-02   6.0000191e-02   9.5616521e-02
   1.4000008e-01  -1.9999945e-02   6.0000191e-02   7.7362955e-02
   1.4000008e-01  -1.9999945e-02   8.0000172e-02   5.7369900e-02
   1.4000008e-01  -1.9999945e-02   8.0000172e-02   5.7369900e-02
   1.4000008e-01  -1.9999945e-02   4.0000210e-02   9.7815891e-02
   1.4000008e-01   2.0000017e-02   2.0000229e-02   1.1874476e-01
   1.6000006e-01  -1.9999945e-02   2.0000229e-02   1.3694226e-01
   1.2000010e-01  -1.9999945e-02   6.0000191e-02   5.8689521e-02
   1.2000010e-01  -3.9999926e-02   8.0000172e-02   3.8681462e-02
   1.2000010e-01  -5.9999967e-02   8.0000172e-02   3.8681462e-02
   1.4000008e-01  -5.9999967e-02   6.0000191e-02   7.7362955e-02
   1.2000010e-01   3.5762787e-08   2.0000229e-02   1.0011882e-01
   1.2000010e-01  -1.9999945e-02   2.0000229e-02   1.0011882e-01
   1.2000010e-01  -3.9999926e-02   6.0000191e-02   5.8689521e-02
   1.2000010e-01  -1.9999945e-02   6.0000191e-02   5.8689521e-02
   1.2000010e-01  -1.9999945e-02   2.0000229e-02   1.0011882e-01
   1.2000010e-01  -1.9999945e-02   4.0000210e-02   7.9163161e-02
   1.2000010e-01  -1.9999945e-02   2.0000229e-02   1.0011882e-01
   1.2000010e-01  -1.9999945e-02   2.0000229e-02   1.0011882e-01
   1.2000010e-01   3.5762787e-08   6.0000191e-02   5.8689521e-02
   1.2000010e-01  -3.9999926e-02   4.0000210e-02   7.9163161e-02
   1.2000010e-01  -3.9999986e-02   4.0000210e-02   7.9163161e-02
   1.2000010e-01   2.0000017e-02   4.0000210e-02   7.9163161e-02
   1.2000010e-01  -5.9999967e-02   4.0000210e-02   5.8689748e-02
   1.2000010e-01  -1.9999945e-02   4.0000210e-02   7.9163161e-02
   1.2000010e-01  -1.9999945e-02   1.9999990e-02   1.0011907e-01
   1.0000012e-01  -1.9999945e-02   1.9999990e-02   8.1049395e-02
   1.2000010e-01  -3.9999926e-02   4.0000210e-02   7.9163161e-02
   1.2000010e-01  -1.9999945e-02   4.0000210e-02   7.9163161e-02
   1.0000012e-01  -1.9999945e-02   4.0000210e-02   6.0071280e-02
   1.2000010e-01  -1.9999945e-02   1.9999990e-02   1.0011907e-01
   1.0000012e-01  -1.9999945e-02   4.0000210e-02   6.0071280e-02
   1.0000012e-01  -3.9999986e-02   6.0000191e-02   3.9581564e-02
   1.0000012e-01  -3.9999926e-02   1.9999990e-02   6.0071574e-02
   1.2000010e-01   3.5762787e-08   1.9999990e-02   1.0011907e-01
   1.2000010e-01   3.5762787e-08   9.5367432e-09   1.2157399e-01
   1.0000012e-01   2.0000017e-02   9.5367432e-09   1.0253307e-01
   1.0000012e-01  -1.9999945e-02   4.0000210e-02   6.0071280e-02
   1.2000010e-01  -3.9999986e-02   1.9999990e-02   7.9163393e-02
   1.0000012e-01  -1.9999945e-02   1.9999990e-02   8.1049395e-02
   1.0000012e-01  -1.9999945e-02   1.9999990e-02   8.1049395e-02
   1.2000010e-01  -3.9999986e-02   9.5367432e-09   7.9163393e-02
   1.0000012e-01  -1.9999945e-02  -1.9999971e-02   8.1049443e-02
   1.0000012e-01   3.5762787e-08   9.5367432e-09   1.0253307e-01
   1.0000012e-01   3.5762787e-08  -1.9999971e-02   1.0253311e-01
   1.2000010e-01  -1.9999945e-02   9.5367432e-09   1.0011912e-01
